9
Anuradhapura
Ampara
Badulla
Bandarawela
Batticaloa
Colombo
Wattala
Galle
Jaffna
0 24 62 85 200 320 42 460 243
24 0 41 63 -1 -1 -1 90 350
62 41 0 29 -1 -1 -1 -1 -1
85 63 29 0 -1 -1 -1 -1 250
200 -1 -1 -1 0 -1 -1 422 -1
320 -1 -1 -1 -1 -1 20 70 -1
42 -1 -1 -1 -1 20 -1 -1 -1
460 90 -1 -1 422 70 -1 -1 -1
243 350 -1 250 -1 -1 -1 -1 -1
