9
Anuradhapura
Nugegoda
Badulla
Bandarawela
Batticaloa
Colombo
Galle
Jaffna
Kurunegala
0 24 62 85 200 320 460 243 -1
24 0 41 63 -1 -1 90 350 -1
62 41 0 29 -1 -1 -1 296 -1
85 63 29 0 -1 -1 -1 250 -1
200 -1 -1 -1 0 -1 422 -1 -1
320 -1 -1 -1 -1 -1 70 -1 -1
460 90 -1 -1 422 70 -1 -1 -1
243 350 296 250 -1 -1 -1 -1 -1
-1 -1 -1 -1 -1 -1 -1 -1 0
